Beginning sequence of equivalent amplitudes
 0.1000D+01        1       -1    1   25    0
 0.1000D+01        3        1   -1   25    0
 0.1000D+01        5       -2    2   25    0
 0.1000D+01        7        2   -2   25    0
 0.1000D+01        9       -4    4   25    0
 0.1000D+01       11        4   -4   25    0
 0.1000D+01       13       -3    3   25    0
 0.1000D+01       15        3   -3   25    0
 0.1000D+01       17       -5    5   25    0
 0.1000D+01       19        5   -5   25    0
Beginning sequence of equivalent amplitudes
 0.1000D+01        2       -1    0   25   -1
 0.1000D+01        4        1    0   25    1
 0.1000D+01        6       -2    0   25   -2
 0.1000D+01        8        2    0   25    2
 0.1000D+01       10       -4    0   25   -4
 0.1000D+01       12        4    0   25    4
 0.1000D+01       14       -3    0   25   -3
 0.1000D+01       16        3    0   25    3
 0.1000D+01       18       -5    0   25   -5
 0.1000D+01       20        5    0   25    5
Beginning sequence of equivalent amplitudes
 0.1000D+01       21        0   -1   25   -1
 0.1000D+01       22        0    1   25    1
 0.1000D+01       23        0   -2   25   -2
 0.1000D+01       24        0    2   25    2
 0.1000D+01       25        0   -4   25   -4
 0.1000D+01       26        0    4   25    4
 0.1000D+01       27        0   -3   25   -3
 0.1000D+01       28        0    3   25    3
 0.1000D+01       29        0   -5   25   -5
 0.1000D+01       30        0    5   25    5
Beginning sequence of equivalent amplitudes
 0.1000D+01       31        0    0   25    0
 
Found    4 equivalent groups
