Beginning sequence of equivalent amplitudes
 0.1000D+01        1       -1   -1   25   -1   -1
 0.1000D+01       41        1    1   25    1    1
 0.1000D+01       67       -2   -2   25   -2   -2
 0.1000D+01      107        2    2   25    2    2
 0.1000D+01      133       -4   -4   25   -4   -4
 0.1000D+01      173        4    4   25    4    4
 0.1000D+01      199       -3   -3   25   -3   -3
 0.1000D+01      239        3    3   25    3    3
 0.1000D+01      265       -5   -5   25   -5   -5
 0.1000D+01      305        5    5   25    5    5
Beginning sequence of equivalent amplitudes
 0.1000D+01        2       -1   -1   25   -1   -1
 0.1000D+01       42        1    1   25    1    1
 0.1000D+01       68       -2   -2   25   -2   -2
 0.1000D+01      108        2    2   25    2    2
 0.1000D+01      134       -4   -4   25   -4   -4
 0.1000D+01      174        4    4   25    4    4
 0.1000D+01      200       -3   -3   25   -3   -3
 0.1000D+01      240        3    3   25    3    3
 0.1000D+01      266       -5   -5   25   -5   -5
 0.1000D+01      306        5    5   25    5    5
Beginning sequence of equivalent amplitudes
 0.1000D+01        3       -1    1   25    1   -1
 0.1000D+01       70       -2    2   25    2   -2
 0.1000D+01      137       -4    4   25    4   -4
 0.1000D+01      204       -3    3   25    3   -3
 0.1000D+01      271       -5    5   25    5   -5
Beginning sequence of equivalent amplitudes
 0.1000D+01        4       -1    1   25   -1    1
 0.1000D+01       34        1   -1   25    1   -1
 0.1000D+01       71       -2    2   25   -2    2
 0.1000D+01      101        2   -2   25    2   -2
 0.1000D+01      138       -4    4   25   -4    4
 0.1000D+01      168        4   -4   25    4   -4
 0.1000D+01      205       -3    3   25   -3    3
 0.1000D+01      235        3   -3   25    3   -3
 0.1000D+01      272       -5    5   25   -5    5
 0.1000D+01      302        5   -5   25    5   -5
Beginning sequence of equivalent amplitudes
 0.1000D+01        5       -1    1   25    1   -1
 0.1000D+01       33        1   -1   25   -1    1
 0.1000D+01       72       -2    2   25    2   -2
 0.1000D+01      100        2   -2   25   -2    2
 0.1000D+01      139       -4    4   25    4   -4
 0.1000D+01      167        4   -4   25   -4    4
 0.1000D+01      206       -3    3   25    3   -3
 0.1000D+01      234        3   -3   25   -3    3
 0.1000D+01      273       -5    5   25    5   -5
 0.1000D+01      301        5   -5   25   -5    5
Beginning sequence of equivalent amplitudes
 0.1000D+01        6       -1    1   25    2   -2
 0.1000D+01        7       -1    1   25    4   -4
 0.1000D+01        8       -1    1   25    3   -3
 0.1000D+01        9       -1    1   25    5   -5
 0.1000D+01       35        1   -1   25    2   -2
 0.1000D+01       36        1   -1   25    4   -4
 0.1000D+01       37        1   -1   25    3   -3
 0.1000D+01       38        1   -1   25    5   -5
 0.1000D+01       69       -2    2   25    1   -1
 0.1000D+01       73       -2    2   25    4   -4
 0.1000D+01       74       -2    2   25    3   -3
 0.1000D+01       75       -2    2   25    5   -5
 0.1000D+01       98        2   -2   25    1   -1
 0.1000D+01      102        2   -2   25    4   -4
 0.1000D+01      103        2   -2   25    3   -3
 0.1000D+01      104        2   -2   25    5   -5
 0.1000D+01      135       -4    4   25    1   -1
 0.1000D+01      136       -4    4   25    2   -2
 0.1000D+01      140       -4    4   25    3   -3
 0.1000D+01      141       -4    4   25    5   -5
 0.1000D+01      164        4   -4   25    1   -1
 0.1000D+01      165        4   -4   25    2   -2
 0.1000D+01      169        4   -4   25    3   -3
 0.1000D+01      170        4   -4   25    5   -5
 0.1000D+01      201       -3    3   25    1   -1
 0.1000D+01      202       -3    3   25    2   -2
 0.1000D+01      203       -3    3   25    4   -4
 0.1000D+01      207       -3    3   25    5   -5
 0.1000D+01      230        3   -3   25    1   -1
 0.1000D+01      231        3   -3   25    2   -2
 0.1000D+01      232        3   -3   25    4   -4
 0.1000D+01      236        3   -3   25    5   -5
 0.1000D+01      267       -5    5   25    1   -1
 0.1000D+01      268       -5    5   25    2   -2
 0.1000D+01      269       -5    5   25    4   -4
 0.1000D+01      270       -5    5   25    3   -3
 0.1000D+01      296        5   -5   25    1   -1
 0.1000D+01      297        5   -5   25    2   -2
 0.1000D+01      298        5   -5   25    4   -4
 0.1000D+01      299        5   -5   25    3   -3
Beginning sequence of equivalent amplitudes
 0.1000D+01       10       -1    1   25    0    0
 0.1000D+01       39        1   -1   25    0    0
 0.1000D+01       76       -2    2   25    0    0
 0.1000D+01      105        2   -2   25    0    0
 0.1000D+01      142       -4    4   25    0    0
 0.1000D+01      171        4   -4   25    0    0
 0.1000D+01      208       -3    3   25    0    0
 0.1000D+01      237        3   -3   25    0    0
 0.1000D+01      274       -5    5   25    0    0
 0.1000D+01      303        5   -5   25    0    0
Beginning sequence of equivalent amplitudes
 0.1000D+01       11       -1    1   25    0    0
 0.1000D+01       40        1   -1   25    0    0
 0.1000D+01       77       -2    2   25    0    0
 0.1000D+01      106        2   -2   25    0    0
 0.1000D+01      143       -4    4   25    0    0
 0.1000D+01      172        4   -4   25    0    0
 0.1000D+01      209       -3    3   25    0    0
 0.1000D+01      238        3   -3   25    0    0
 0.1000D+01      275       -5    5   25    0    0
 0.1000D+01      304        5   -5   25    0    0
Beginning sequence of equivalent amplitudes
 0.1000D+01       12       -1   -2   25   -2   -1
 0.1000D+01       14       -1    2   25    2   -1
 0.1000D+01       16       -1   -4   25   -4   -1
 0.1000D+01       18       -1    4   25    4   -1
 0.1000D+01       20       -1   -3   25   -3   -1
 0.1000D+01       22       -1    3   25    3   -1
 0.1000D+01       24       -1   -5   25   -5   -1
 0.1000D+01       26       -1    5   25    5   -1
 0.1000D+01       43        1   -2   25   -2    1
 0.1000D+01       45        1    2   25    2    1
 0.1000D+01       47        1   -4   25   -4    1
 0.1000D+01       49        1    4   25    4    1
 0.1000D+01       51        1   -3   25   -3    1
 0.1000D+01       53        1    3   25    3    1
 0.1000D+01       55        1   -5   25   -5    1
 0.1000D+01       57        1    5   25    5    1
 0.1000D+01       64       -2   -1   25   -1   -2
 0.1000D+01       66       -2    1   25    1   -2
 0.1000D+01       78       -2   -4   25   -4   -2
 0.1000D+01       80       -2    4   25    4   -2
 0.1000D+01       82       -2   -3   25   -3   -2
 0.1000D+01       84       -2    3   25    3   -2
 0.1000D+01       86       -2   -5   25   -5   -2
 0.1000D+01       88       -2    5   25    5   -2
 0.1000D+01       95        2   -1   25   -1    2
 0.1000D+01       97        2    1   25    1    2
 0.1000D+01      109        2   -4   25   -4    2
 0.1000D+01      111        2    4   25    4    2
 0.1000D+01      113        2   -3   25   -3    2
 0.1000D+01      115        2    3   25    3    2
 0.1000D+01      117        2   -5   25   -5    2
 0.1000D+01      119        2    5   25    5    2
 0.1000D+01      126       -4   -1   25   -1   -4
 0.1000D+01      128       -4    1   25    1   -4
 0.1000D+01      130       -4   -2   25   -2   -4
 0.1000D+01      132       -4    2   25    2   -4
 0.1000D+01      144       -4   -3   25   -3   -4
 0.1000D+01      146       -4    3   25    3   -4
 0.1000D+01      148       -4   -5   25   -5   -4
 0.1000D+01      150       -4    5   25    5   -4
 0.1000D+01      157        4   -1   25   -1    4
 0.1000D+01      159        4    1   25    1    4
 0.1000D+01      161        4   -2   25   -2    4
 0.1000D+01      163        4    2   25    2    4
 0.1000D+01      175        4   -3   25   -3    4
 0.1000D+01      177        4    3   25    3    4
 0.1000D+01      179        4   -5   25   -5    4
 0.1000D+01      181        4    5   25    5    4
 0.1000D+01      188       -3   -1   25   -1   -3
 0.1000D+01      190       -3    1   25    1   -3
 0.1000D+01      192       -3   -2   25   -2   -3
 0.1000D+01      194       -3    2   25    2   -3
 0.1000D+01      196       -3   -4   25   -4   -3
 0.1000D+01      198       -3    4   25    4   -3
 0.1000D+01      210       -3   -5   25   -5   -3
 0.1000D+01      212       -3    5   25    5   -3
 0.1000D+01      219        3   -1   25   -1    3
 0.1000D+01      221        3    1   25    1    3
 0.1000D+01      223        3   -2   25   -2    3
 0.1000D+01      225        3    2   25    2    3
 0.1000D+01      227        3   -4   25   -4    3
 0.1000D+01      229        3    4   25    4    3
 0.1000D+01      241        3   -5   25   -5    3
 0.1000D+01      243        3    5   25    5    3
 0.1000D+01      250       -5   -1   25   -1   -5
 0.1000D+01      252       -5    1   25    1   -5
 0.1000D+01      254       -5   -2   25   -2   -5
 0.1000D+01      256       -5    2   25    2   -5
 0.1000D+01      258       -5   -4   25   -4   -5
 0.1000D+01      260       -5    4   25    4   -5
 0.1000D+01      262       -5   -3   25   -3   -5
 0.1000D+01      264       -5    3   25    3   -5
 0.1000D+01      281        5   -1   25   -1    5
 0.1000D+01      283        5    1   25    1    5
 0.1000D+01      285        5   -2   25   -2    5
 0.1000D+01      287        5    2   25    2    5
 0.1000D+01      289        5   -4   25   -4    5
 0.1000D+01      291        5    4   25    4    5
 0.1000D+01      293        5   -3   25   -3    5
 0.1000D+01      295        5    3   25    3    5
Beginning sequence of equivalent amplitudes
 0.1000D+01       13       -1   -2   25   -1   -2
 0.1000D+01       15       -1    2   25   -1    2
 0.1000D+01       17       -1   -4   25   -1   -4
 0.1000D+01       19       -1    4   25   -1    4
 0.1000D+01       21       -1   -3   25   -1   -3
 0.1000D+01       23       -1    3   25   -1    3
 0.1000D+01       25       -1   -5   25   -1   -5
 0.1000D+01       27       -1    5   25   -1    5
 0.1000D+01       44        1   -2   25    1   -2
 0.1000D+01       46        1    2   25    1    2
 0.1000D+01       48        1   -4   25    1   -4
 0.1000D+01       50        1    4   25    1    4
 0.1000D+01       52        1   -3   25    1   -3
 0.1000D+01       54        1    3   25    1    3
 0.1000D+01       56        1   -5   25    1   -5
 0.1000D+01       58        1    5   25    1    5
 0.1000D+01       63       -2   -1   25   -2   -1
 0.1000D+01       65       -2    1   25   -2    1
 0.1000D+01       79       -2   -4   25   -2   -4
 0.1000D+01       81       -2    4   25   -2    4
 0.1000D+01       83       -2   -3   25   -2   -3
 0.1000D+01       85       -2    3   25   -2    3
 0.1000D+01       87       -2   -5   25   -2   -5
 0.1000D+01       89       -2    5   25   -2    5
 0.1000D+01       94        2   -1   25    2   -1
 0.1000D+01       96        2    1   25    2    1
 0.1000D+01      110        2   -4   25    2   -4
 0.1000D+01      112        2    4   25    2    4
 0.1000D+01      114        2   -3   25    2   -3
 0.1000D+01      116        2    3   25    2    3
 0.1000D+01      118        2   -5   25    2   -5
 0.1000D+01      120        2    5   25    2    5
 0.1000D+01      125       -4   -1   25   -4   -1
 0.1000D+01      127       -4    1   25   -4    1
 0.1000D+01      129       -4   -2   25   -4   -2
 0.1000D+01      131       -4    2   25   -4    2
 0.1000D+01      145       -4   -3   25   -4   -3
 0.1000D+01      147       -4    3   25   -4    3
 0.1000D+01      149       -4   -5   25   -4   -5
 0.1000D+01      151       -4    5   25   -4    5
 0.1000D+01      156        4   -1   25    4   -1
 0.1000D+01      158        4    1   25    4    1
 0.1000D+01      160        4   -2   25    4   -2
 0.1000D+01      162        4    2   25    4    2
 0.1000D+01      176        4   -3   25    4   -3
 0.1000D+01      178        4    3   25    4    3
 0.1000D+01      180        4   -5   25    4   -5
 0.1000D+01      182        4    5   25    4    5
 0.1000D+01      187       -3   -1   25   -3   -1
 0.1000D+01      189       -3    1   25   -3    1
 0.1000D+01      191       -3   -2   25   -3   -2
 0.1000D+01      193       -3    2   25   -3    2
 0.1000D+01      195       -3   -4   25   -3   -4
 0.1000D+01      197       -3    4   25   -3    4
 0.1000D+01      211       -3   -5   25   -3   -5
 0.1000D+01      213       -3    5   25   -3    5
 0.1000D+01      218        3   -1   25    3   -1
 0.1000D+01      220        3    1   25    3    1
 0.1000D+01      222        3   -2   25    3   -2
 0.1000D+01      224        3    2   25    3    2
 0.1000D+01      226        3   -4   25    3   -4
 0.1000D+01      228        3    4   25    3    4
 0.1000D+01      242        3   -5   25    3   -5
 0.1000D+01      244        3    5   25    3    5
 0.1000D+01      249       -5   -1   25   -5   -1
 0.1000D+01      251       -5    1   25   -5    1
 0.1000D+01      253       -5   -2   25   -5   -2
 0.1000D+01      255       -5    2   25   -5    2
 0.1000D+01      257       -5   -4   25   -5   -4
 0.1000D+01      259       -5    4   25   -5    4
 0.1000D+01      261       -5   -3   25   -5   -3
 0.1000D+01      263       -5    3   25   -5    3
 0.1000D+01      280        5   -1   25    5   -1
 0.1000D+01      282        5    1   25    5    1
 0.1000D+01      284        5   -2   25    5   -2
 0.1000D+01      286        5    2   25    5    2
 0.1000D+01      288        5   -4   25    5   -4
 0.1000D+01      290        5    4   25    5    4
 0.1000D+01      292        5   -3   25    5   -3
 0.1000D+01      294        5    3   25    5    3
Beginning sequence of equivalent amplitudes
 0.1000D+01       28       -1    0   25   -1    0
 0.1000D+01       59        1    0   25    1    0
 0.1000D+01       90       -2    0   25   -2    0
 0.1000D+01      121        2    0   25    2    0
 0.1000D+01      152       -4    0   25   -4    0
 0.1000D+01      183        4    0   25    4    0
 0.1000D+01      214       -3    0   25   -3    0
 0.1000D+01      245        3    0   25    3    0
 0.1000D+01      276       -5    0   25   -5    0
 0.1000D+01      307        5    0   25    5    0
Beginning sequence of equivalent amplitudes
 0.1000D+01       29       -1    0   25    0   -1
 0.1000D+01       60        1    0   25    0    1
 0.1000D+01       91       -2    0   25    0   -2
 0.1000D+01      122        2    0   25    0    2
 0.1000D+01      153       -4    0   25    0   -4
 0.1000D+01      184        4    0   25    0    4
 0.1000D+01      215       -3    0   25    0   -3
 0.1000D+01      246        3    0   25    0    3
 0.1000D+01      277       -5    0   25    0   -5
 0.1000D+01      308        5    0   25    0    5
Beginning sequence of equivalent amplitudes
 0.1000D+01       30       -1    0   25    0   -1
 0.1000D+01       61        1    0   25    0    1
 0.1000D+01       92       -2    0   25    0   -2
 0.1000D+01      123        2    0   25    0    2
 0.1000D+01      154       -4    0   25    0   -4
 0.1000D+01      185        4    0   25    0    4
 0.1000D+01      216       -3    0   25    0   -3
 0.1000D+01      247        3    0   25    0    3
 0.1000D+01      278       -5    0   25    0   -5
 0.1000D+01      309        5    0   25    0    5
Beginning sequence of equivalent amplitudes
 0.1000D+01       31       -1    0   25   -1    0
 0.1000D+01       62        1    0   25    1    0
 0.1000D+01       93       -2    0   25   -2    0
 0.1000D+01      124        2    0   25    2    0
 0.1000D+01      155       -4    0   25   -4    0
 0.1000D+01      186        4    0   25    4    0
 0.1000D+01      217       -3    0   25   -3    0
 0.1000D+01      248        3    0   25    3    0
 0.1000D+01      279       -5    0   25   -5    0
 0.1000D+01      310        5    0   25    5    0
Beginning sequence of equivalent amplitudes
 0.1000D+01       32        1   -1   25    1   -1
 0.1000D+01       99        2   -2   25    2   -2
 0.1000D+01      166        4   -4   25    4   -4
 0.1000D+01      233        3   -3   25    3   -3
 0.1000D+01      300        5   -5   25    5   -5
Beginning sequence of equivalent amplitudes
 0.1000D+01      311        0   -1   25   -1    0
 0.1000D+01      315        0    1   25    1    0
 0.1000D+01      319        0   -2   25   -2    0
 0.1000D+01      323        0    2   25    2    0
 0.1000D+01      327        0   -4   25   -4    0
 0.1000D+01      331        0    4   25    4    0
 0.1000D+01      335        0   -3   25   -3    0
 0.1000D+01      339        0    3   25    3    0
 0.1000D+01      343        0   -5   25   -5    0
 0.1000D+01      347        0    5   25    5    0
Beginning sequence of equivalent amplitudes
 0.1000D+01      312        0   -1   25    0   -1
 0.1000D+01      316        0    1   25    0    1
 0.1000D+01      320        0   -2   25    0   -2
 0.1000D+01      324        0    2   25    0    2
 0.1000D+01      328        0   -4   25    0   -4
 0.1000D+01      332        0    4   25    0    4
 0.1000D+01      336        0   -3   25    0   -3
 0.1000D+01      340        0    3   25    0    3
 0.1000D+01      344        0   -5   25    0   -5
 0.1000D+01      348        0    5   25    0    5
Beginning sequence of equivalent amplitudes
 0.1000D+01      313        0   -1   25    0   -1
 0.1000D+01      317        0    1   25    0    1
 0.1000D+01      321        0   -2   25    0   -2
 0.1000D+01      325        0    2   25    0    2
 0.1000D+01      329        0   -4   25    0   -4
 0.1000D+01      333        0    4   25    0    4
 0.1000D+01      337        0   -3   25    0   -3
 0.1000D+01      341        0    3   25    0    3
 0.1000D+01      345        0   -5   25    0   -5
 0.1000D+01      349        0    5   25    0    5
Beginning sequence of equivalent amplitudes
 0.1000D+01      314        0   -1   25   -1    0
 0.1000D+01      318        0    1   25    1    0
 0.1000D+01      322        0   -2   25   -2    0
 0.1000D+01      326        0    2   25    2    0
 0.1000D+01      330        0   -4   25   -4    0
 0.1000D+01      334        0    4   25    4    0
 0.1000D+01      338        0   -3   25   -3    0
 0.1000D+01      342        0    3   25    3    0
 0.1000D+01      346        0   -5   25   -5    0
 0.1000D+01      350        0    5   25    5    0
Beginning sequence of equivalent amplitudes
 0.1000D+01      351        0    0   25    1   -1
 0.1000D+01      356        0    0   25    2   -2
 0.1000D+01      361        0    0   25    4   -4
 0.1000D+01      366        0    0   25    3   -3
 0.1000D+01      371        0    0   25    5   -5
Beginning sequence of equivalent amplitudes
 0.1000D+01      352        0    0   25   -1    1
 0.1000D+01      354        0    0   25    1   -1
 0.1000D+01      357        0    0   25   -2    2
 0.1000D+01      359        0    0   25    2   -2
 0.1000D+01      362        0    0   25   -4    4
 0.1000D+01      364        0    0   25    4   -4
 0.1000D+01      367        0    0   25   -3    3
 0.1000D+01      369        0    0   25    3   -3
 0.1000D+01      372        0    0   25   -5    5
 0.1000D+01      374        0    0   25    5   -5
Beginning sequence of equivalent amplitudes
 0.1000D+01      353        0    0   25   -1    1
 0.1000D+01      355        0    0   25    1   -1
 0.1000D+01      358        0    0   25   -2    2
 0.1000D+01      360        0    0   25    2   -2
 0.1000D+01      363        0    0   25   -4    4
 0.1000D+01      365        0    0   25    4   -4
 0.1000D+01      368        0    0   25   -3    3
 0.1000D+01      370        0    0   25    3   -3
 0.1000D+01      373        0    0   25   -5    5
 0.1000D+01      375        0    0   25    5   -5
Beginning sequence of equivalent amplitudes
 0.1000D+01      376        0    0   25    0    0
Beginning sequence of equivalent amplitudes
 0.1000D+01      377        0    0   25    0    0
 
Found   24 equivalent groups
